   -9.79591846E-01    2.50000000E+00    3.72060181E+02    3.50000000E+00    3.82617645E+02    4.50000000E+00    3.17618774E+02    5.50000000E+00    2.44419693E+02    6.50000000E+00    1.83866852E+02
   -9.38775539E-01    2.50000000E+00    3.74583160E+02    3.50000000E+00    3.83989929E+02    4.50000000E+00    3.18273682E+02    5.50000000E+00    2.44735992E+02    6.50000000E+00    1.84034058E+02
   -8.97959232E-01    2.50000000E+00    3.77868164E+02    3.50000000E+00    3.86106842E+02    4.50000000E+00    3.19532654E+02    5.50000000E+00    2.45511459E+02    6.50000000E+00    1.84545120E+02
   -8.57142925E-01    2.50000000E+00    3.81260254E+02    3.50000000E+00    3.88287628E+02    4.50000000E+00    3.20827850E+02    5.50000000E+00    2.46308151E+02    6.50000000E+00    1.85070099E+02
   -8.16326618E-01    2.50000000E+00    3.84771027E+02    3.50000000E+00    3.90538849E+02    4.50000000E+00    3.22162659E+02    5.50000000E+00    2.47127945E+02    6.50000000E+00    1.85610229E+02
   -7.75510311E-01    2.50000000E+00    3.88411530E+02    3.50000000E+00    3.92867157E+02    4.50000000E+00    3.23540588E+02    5.50000000E+00    2.47972931E+02    6.50000000E+00    1.86166687E+02
   -7.34694004E-01    2.50000000E+00    3.92193695E+02    3.50000000E+00    3.95279297E+02    4.50000000E+00    3.24965729E+02    5.50000000E+00    2.48845398E+02    6.50000000E+00    1.86740936E+02
   -6.93877697E-01    2.50000000E+00    3.96131195E+02    3.50000000E+00    3.97783325E+02    4.50000000E+00    3.26442352E+02    5.50000000E+00    2.49747925E+02    6.50000000E+00    1.87334564E+02
   -6.53061390E-01    2.50000000E+00    4.00239410E+02    3.50000000E+00    4.00388336E+02    4.50000000E+00    3.27975433E+02    5.50000000E+00    2.50683441E+02    6.50000000E+00    1.87949524E+02
   -6.12245083E-01    2.50000000E+00    4.04536194E+02    3.50000000E+00    4.03104614E+02    4.50000000E+00    3.29570770E+02    5.50000000E+00    2.51655411E+02    6.50000000E+00    1.88587936E+02
   -5.71428776E-01    2.50000000E+00    4.09042633E+02    3.50000000E+00    4.05944550E+02    4.50000000E+00    3.31235168E+02    5.50000000E+00    2.52667923E+02    6.50000000E+00    1.89252441E+02
   -5.30612469E-01    2.50000000E+00    4.13783386E+02    3.50000000E+00    4.08922791E+02    4.50000000E+00    3.32976807E+02    5.50000000E+00    2.53725708E+02    6.50000000E+00    1.89946045E+02
   -4.89796132E-01    2.50000000E+00    4.18788208E+02    3.50000000E+00    4.12056854E+02    4.50000000E+00    3.34805450E+02    5.50000000E+00    2.54834549E+02    6.50000000E+00    1.90672394E+02
   -4.48979795E-01    2.50000000E+00    4.24093628E+02    3.50000000E+00    4.15368134E+02    4.50000000E+00    3.36733002E+02    5.50000000E+00    2.56001465E+02    6.50000000E+00    1.91435989E+02
   -4.08163458E-01    2.50000000E+00    4.29744537E+02    3.50000000E+00    4.18882965E+02    4.50000000E+00    3.38774109E+02    5.50000000E+00    2.57235077E+02    6.50000000E+00    1.92242432E+02
   -3.67347121E-01    2.50000000E+00    4.35797577E+02    3.50000000E+00    4.22634735E+02    4.50000000E+00    3.40947388E+02    5.50000000E+00    2.58546326E+02    6.50000000E+00    1.93098694E+02
   -3.26530784E-01    2.50000000E+00    4.42325989E+02    3.50000000E+00    4.26666504E+02    4.50000000E+00    3.43277008E+02    5.50000000E+00    2.59949249E+02    6.50000000E+00    1.94013809E+02
   -2.85714447E-01    2.50000000E+00    4.49426636E+02    3.50000000E+00    4.31035492E+02    4.50000000E+00    3.45794769E+02    5.50000000E+00    2.61462738E+02    6.50000000E+00    1.94999924E+02
   -2.44898126E-01    2.50000000E+00    4.57232880E+02    3.50000000E+00    4.35820312E+02    4.50000000E+00    3.48544464E+02    5.50000000E+00    2.63112701E+02    6.50000000E+00    1.96073624E+02
   -2.04081804E-01    2.50000000E+00    4.65935547E+02    3.50000000E+00    4.41133850E+02    4.50000000E+00    3.51589264E+02    5.50000000E+00    2.64936340E+02    6.50000000E+00    1.97258850E+02
   -1.63265482E-01    2.50000000E+00    4.75825409E+02    3.50000000E+00    4.47148071E+02    4.50000000E+00    3.55026031E+02    5.50000000E+00    2.66990479E+02    6.50000000E+00    1.98592102E+02
   -1.22449160E-01    2.50000000E+00    4.87383392E+02    3.50000000E+00    4.54147888E+02    4.50000000E+00    3.59014709E+02    5.50000000E+00    2.69369568E+02    6.50000000E+00    2.00134064E+02
   -8.16328377E-02    2.50000000E+00    5.01513092E+02    3.50000000E+00    4.62669159E+02    4.50000000E+00    3.63856934E+02    5.50000000E+00    2.72250916E+02    6.50000000E+00    2.01999023E+02
   -4.08165120E-02    2.50000000E+00    5.20345642E+02    3.50000000E+00    4.73978210E+02    4.50000000E+00    3.70264832E+02    5.50000000E+00    2.76055389E+02    6.50000000E+00    2.04457809E+02
   -1.86264515E-07    2.50000000E+00    5.54453491E+02    3.50000000E+00    4.94376007E+02    4.50000000E+00    3.81790863E+02    5.50000000E+00    2.82883911E+02    6.50000000E+00    2.08865356E+02
    4.08161394E-02    2.50000000E+00    5.91563538E+02    3.50000000E+00    5.16347107E+02    4.50000000E+00    3.94119171E+02    5.50000000E+00    2.90149567E+02    6.50000000E+00    2.13539352E+02
    8.16324651E-02    2.50000000E+00    6.13087769E+02    3.50000000E+00    5.29036194E+02    4.50000000E+00    4.01218628E+02    5.50000000E+00    2.94324280E+02    6.50000000E+00    2.16220947E+02
    1.22448787E-01    2.50000000E+00    6.29754761E+02    3.50000000E+00    5.38821899E+02    4.50000000E+00    4.06678284E+02    5.50000000E+00    2.97527740E+02    6.50000000E+00    2.18275452E+02
    1.63265109E-01    2.50000000E+00    6.43751770E+02    3.50000000E+00    5.47005920E+02    4.50000000E+00    4.11231689E+02    5.50000000E+00    3.00198822E+02    6.50000000E+00    2.19988861E+02
    2.04081431E-01    2.50000000E+00    6.56002502E+02    3.50000000E+00    5.54146057E+02    4.50000000E+00    4.15200378E+02    5.50000000E+00    3.02518829E+02    6.50000000E+00    2.21473740E+02
    2.44897753E-01    2.50000000E+00    6.67006836E+02    3.50000000E+00    5.60537292E+02    4.50000000E+00    4.18739471E+02    5.50000000E+00    3.04584564E+02    6.50000000E+00    2.22794357E+02
    2.85714090E-01    2.50000000E+00    6.77064941E+02    3.50000000E+00    5.66353271E+02    4.50000000E+00    4.21952759E+02    5.50000000E+00    3.06456757E+02    6.50000000E+00    2.23989899E+02
    3.26530427E-01    2.50000000E+00    6.86367554E+02    3.50000000E+00    5.71713989E+02    4.50000000E+00    4.24907562E+02    5.50000000E+00    3.08175446E+02    6.50000000E+00    2.25086197E+02
    3.67346764E-01    2.50000000E+00    6.95054688E+02    3.50000000E+00    5.76703064E+02    4.50000000E+00    4.27651184E+02    5.50000000E+00    3.09768463E+02    6.50000000E+00    2.26101303E+02
    4.08163100E-01    2.50000000E+00    7.03227539E+02    3.50000000E+00    5.81381470E+02    4.50000000E+00    4.30218048E+02    5.50000000E+00    3.11256378E+02    6.50000000E+00    2.27048492E+02
    4.48979437E-01    2.50000000E+00    7.10962830E+02    3.50000000E+00    5.85795349E+02    4.50000000E+00    4.32634491E+02    5.50000000E+00    3.12655029E+02    6.50000000E+00    2.27937836E+02
    4.89795774E-01    2.50000000E+00    7.18320190E+02    3.50000000E+00    5.89980408E+02    4.50000000E+00    4.34920898E+02    5.50000000E+00    3.13976196E+02    6.50000000E+00    2.28777161E+02
    5.30612111E-01    2.50000000E+00    7.25346924E+02    3.50000000E+00    5.93965210E+02    4.50000000E+00    4.37093536E+02    5.50000000E+00    3.15229828E+02    6.50000000E+00    2.29572693E+02
    5.71428418E-01    2.50000000E+00    7.32081360E+02    3.50000000E+00    5.97772949E+02    4.50000000E+00    4.39165527E+02    5.50000000E+00    3.16423492E+02    6.50000000E+00    2.30329514E+02
    6.12244725E-01    2.50000000E+00    7.38554749E+02    3.50000000E+00    6.01422546E+02    4.50000000E+00    4.41147644E+02    5.50000000E+00    3.17563812E+02    6.50000000E+00    2.31051788E+02
    6.53061032E-01    2.50000000E+00    7.44792969E+02    3.50000000E+00    6.04930115E+02    4.50000000E+00    4.43049042E+02    5.50000000E+00    3.18656006E+02    6.50000000E+00    2.31742981E+02
    6.93877339E-01    2.50000000E+00    7.50818420E+02    3.50000000E+00    6.08308716E+02    4.50000000E+00    4.44877106E+02    5.50000000E+00    3.19704803E+02    6.50000000E+00    2.32406021E+02
    7.34693646E-01    2.50000000E+00    7.56649292E+02    3.50000000E+00    6.11569580E+02    4.50000000E+00    4.46638306E+02    5.50000000E+00    3.20713867E+02    6.50000000E+00    2.33043472E+02
    7.75509953E-01    2.50000000E+00    7.62301270E+02    3.50000000E+00    6.14721985E+02    4.50000000E+00    4.48338226E+02    5.50000000E+00    3.21686462E+02    6.50000000E+00    2.33657333E+02
    8.16326261E-01    2.50000000E+00    7.67786743E+02    3.50000000E+00    6.17774109E+02    4.50000000E+00    4.49981323E+02    5.50000000E+00    3.22625458E+02    6.50000000E+00    2.34249466E+02
    8.57142568E-01    2.50000000E+00    7.73115784E+02    3.50000000E+00    6.20732056E+02    4.50000000E+00    4.51571228E+02    5.50000000E+00    3.23532959E+02    6.50000000E+00    2.34821350E+02
    8.97958875E-01    2.50000000E+00    7.78294861E+02    3.50000000E+00    6.23600220E+02    4.50000000E+00    4.53110443E+02    5.50000000E+00    3.24410706E+02    6.50000000E+00    2.35373886E+02
    9.38775182E-01    2.50000000E+00    7.83321472E+02    3.50000000E+00    6.26377808E+02    4.50000000E+00    4.54599030E+02    5.50000000E+00    3.25258698E+02    6.50000000E+00    2.35907455E+02
    9.79591489E-01    2.50000000E+00    7.88391052E+02    3.50000000E+00    6.29174622E+02    4.50000000E+00    4.56096863E+02    5.50000000E+00    3.26111359E+02    6.50000000E+00    2.36444092E+02
