   -9.79591846E-01
   -9.38775539E-01
   -8.97959232E-01
   -8.57142925E-01
   -8.16326618E-01
   -7.75510311E-01
   -7.34694004E-01
   -6.93877697E-01
   -6.53061390E-01
   -6.12245083E-01
   -5.71428776E-01
   -5.30612469E-01
   -4.89796132E-01
   -4.48979795E-01
   -4.08163458E-01
   -3.67347121E-01
   -3.26530784E-01
   -2.85714447E-01
   -2.44898126E-01
   -2.04081804E-01
   -1.63265482E-01
   -1.22449160E-01
   -8.16328377E-02
   -4.08165120E-02
   -1.86264515E-07
    4.08161394E-02
    8.16324651E-02
    1.22448787E-01
    1.63265109E-01
    2.04081431E-01
    2.44897753E-01
    2.85714090E-01
    3.26530427E-01
    3.67346764E-01
    4.08163100E-01
    4.48979437E-01
    4.89795774E-01
    5.30612111E-01
    5.71428418E-01
    6.12244725E-01
    6.53061032E-01
    6.93877339E-01
    7.34693646E-01
    7.75509953E-01
    8.16326261E-01
    8.57142568E-01
    8.97958875E-01
    9.38775182E-01
    9.79591489E-01
