   -9.79591846E-01    2.50000000E+00    4.78967090E+03    3.50000000E+00    5.15471533E+03    4.50000000E+00    4.70802783E+03    5.50000000E+00    4.09851562E+03    6.50000000E+00    3.50965698E+03
   -9.38775539E-01    2.50000000E+00    4.81052832E+03    3.50000000E+00    5.16825049E+03    4.50000000E+00    4.71613086E+03    5.50000000E+00    4.10340527E+03    6.50000000E+00    3.51265210E+03
   -8.97959232E-01    2.50000000E+00    4.83636719E+03    3.50000000E+00    5.18689209E+03    4.50000000E+00    4.72878613E+03    5.50000000E+00    4.11220605E+03    6.50000000E+00    3.51897729E+03
   -8.57142925E-01    2.50000000E+00    4.86299854E+03    3.50000000E+00    5.20608008E+03    4.50000000E+00    4.74180322E+03    5.50000000E+00    4.12125781E+03    6.50000000E+00    3.52548413E+03
   -8.16326618E-01    2.50000000E+00    4.89050439E+03    3.50000000E+00    5.22587256E+03    4.50000000E+00    4.75522119E+03    5.50000000E+00    4.13058252E+03    6.50000000E+00    3.53219312E+03
   -7.75510311E-01    2.50000000E+00    4.91896826E+03    3.50000000E+00    5.24632715E+03    4.50000000E+00    4.76907422E+03    5.50000000E+00    4.14020459E+03    6.50000000E+00    3.53911987E+03
   -7.34694004E-01    2.50000000E+00    4.94848340E+03    3.50000000E+00    5.26750098E+03    4.50000000E+00    4.78340430E+03    5.50000000E+00    4.15014990E+03    6.50000000E+00    3.54628345E+03
   -6.93877697E-01    2.50000000E+00    4.97914307E+03    3.50000000E+00    5.28946289E+03    4.50000000E+00    4.79825293E+03    5.50000000E+00    4.16044922E+03    6.50000000E+00    3.55370483E+03
   -6.53061390E-01    2.50000000E+00    5.01106006E+03    3.50000000E+00    5.31229102E+03    4.50000000E+00    4.81367236E+03    5.50000000E+00    4.17113770E+03    6.50000000E+00    3.56141040E+03
   -6.12245083E-01    2.50000000E+00    5.04436621E+03    3.50000000E+00    5.33607129E+03    4.50000000E+00    4.82971875E+03    5.50000000E+00    4.18225586E+03    6.50000000E+00    3.56942627E+03
   -5.71428776E-01    2.50000000E+00    5.07921436E+03    3.50000000E+00    5.36091064E+03    4.50000000E+00    4.84646191E+03    5.50000000E+00    4.19385010E+03    6.50000000E+00    3.57778247E+03
   -5.30612469E-01    2.50000000E+00    5.11578467E+03    3.50000000E+00    5.38693164E+03    4.50000000E+00    4.86398242E+03    5.50000000E+00    4.20597754E+03    6.50000000E+00    3.58651831E+03
   -4.89796132E-01    2.50000000E+00    5.15429443E+03    3.50000000E+00    5.41428369E+03    4.50000000E+00    4.88237939E+03    5.50000000E+00    4.21870312E+03    6.50000000E+00    3.59568018E+03
   -4.48979795E-01    2.50000000E+00    5.19500684E+03    3.50000000E+00    5.44314746E+03    4.50000000E+00    4.90177100E+03    5.50000000E+00    4.23210645E+03    6.50000000E+00    3.60532446E+03
   -4.08163458E-01    2.50000000E+00    5.23824658E+03    3.50000000E+00    5.47374463E+03    4.50000000E+00    4.92230615E+03    5.50000000E+00    4.24628711E+03    6.50000000E+00    3.61552368E+03
   -3.67347121E-01    2.50000000E+00    5.28442480E+03    3.50000000E+00    5.50635791E+03    4.50000000E+00    4.94416943E+03    5.50000000E+00    4.26137598E+03    6.50000000E+00    3.62636646E+03
   -3.26530784E-01    2.50000000E+00    5.33406934E+03    3.50000000E+00    5.54135205E+03    4.50000000E+00    4.96760010E+03    5.50000000E+00    4.27753418E+03    6.50000000E+00    3.63796753E+03
   -2.85714447E-01    2.50000000E+00    5.38788232E+03    3.50000000E+00    5.57920654E+03    4.50000000E+00    4.99291357E+03    5.50000000E+00    4.29497656E+03    6.50000000E+00    3.65048193E+03
   -2.44898126E-01    2.50000000E+00    5.44682617E+03    3.50000000E+00    5.62057959E+03    4.50000000E+00    5.02054785E+03    5.50000000E+00    4.31400000E+03    6.50000000E+00    3.66411914E+03
   -2.04081804E-01    2.50000000E+00    5.51227344E+03    3.50000000E+00    5.66642188E+03    4.50000000E+00    5.05112646E+03    5.50000000E+00    4.33503418E+03    6.50000000E+00    3.67918457E+03
   -1.63265482E-01    2.50000000E+00    5.58631787E+03    3.50000000E+00    5.71816797E+03    4.50000000E+00    5.08559863E+03    5.50000000E+00    4.35872656E+03    6.50000000E+00    3.69613794E+03
   -1.22449160E-01    2.50000000E+00    5.67241357E+03    3.50000000E+00    5.77819629E+03    4.50000000E+00    5.12553320E+03    5.50000000E+00    4.38614941E+03    6.50000000E+00    3.71574414E+03
   -8.16328377E-02    2.50000000E+00    5.77704150E+03    3.50000000E+00    5.85097656E+03    4.50000000E+00    5.17388184E+03    5.50000000E+00    4.41932275E+03    6.50000000E+00    3.73943896E+03
   -4.08165120E-02    2.50000000E+00    5.91546582E+03    3.50000000E+00    5.94703760E+03    4.50000000E+00    5.23760693E+03    5.50000000E+00    4.46300391E+03    6.50000000E+00    3.77061377E+03
   -1.86264515E-07    2.50000000E+00    6.16364746E+03    3.50000000E+00    6.11887549E+03    4.50000000E+00    5.35144238E+03    5.50000000E+00    4.54097656E+03    6.50000000E+00    3.82621606E+03
    4.08161394E-02    2.50000000E+00    6.42312354E+03    3.50000000E+00    6.29750098E+03    4.50000000E+00    5.46937207E+03    5.50000000E+00    4.62156787E+03    6.50000000E+00    3.88358154E+03
    8.16324651E-02    2.50000000E+00    6.57168408E+03    3.50000000E+00    6.39952246E+03    4.50000000E+00    5.53662891E+03    5.50000000E+00    4.66748291E+03    6.50000000E+00    3.91623145E+03
    1.22448787E-01    2.50000000E+00    6.68595801E+03    3.50000000E+00    6.47781006E+03    4.50000000E+00    5.58816113E+03    5.50000000E+00    4.70264258E+03    6.50000000E+00    3.94123291E+03
    1.63265109E-01    2.50000000E+00    6.78138477E+03    3.50000000E+00    6.54306250E+03    4.50000000E+00    5.63111182E+03    5.50000000E+00    4.73193506E+03    6.50000000E+00    3.96202856E+03
    2.04081431E-01    2.50000000E+00    6.86457080E+03    3.50000000E+00    6.59983008E+03    4.50000000E+00    5.66839014E+03    5.50000000E+00    4.75734229E+03    6.50000000E+00    3.98005322E+03
    2.44897753E-01    2.50000000E+00    6.93897510E+03    3.50000000E+00    6.65047656E+03    4.50000000E+00    5.70161133E+03    5.50000000E+00    4.77997314E+03    6.50000000E+00    3.99609448E+03
    2.85714090E-01    2.50000000E+00    7.00669531E+03    3.50000000E+00    6.69648047E+03    4.50000000E+00    5.73175342E+03    5.50000000E+00    4.80049854E+03    6.50000000E+00    4.01062915E+03
    3.26530427E-01    2.50000000E+00    7.06913525E+03    3.50000000E+00    6.73881445E+03    4.50000000E+00    5.75945850E+03    5.50000000E+00    4.81935498E+03    6.50000000E+00    4.02397021E+03
    3.67346764E-01    2.50000000E+00    7.12727441E+03    3.50000000E+00    6.77815479E+03    4.50000000E+00    5.78517529E+03    5.50000000E+00    4.83685400E+03    6.50000000E+00    4.03633838E+03
    4.08163100E-01    2.50000000E+00    7.18182324E+03    3.50000000E+00    6.81499561E+03    4.50000000E+00    5.80923242E+03    5.50000000E+00    4.85321680E+03    6.50000000E+00    4.04789404E+03
    4.48979437E-01    2.50000000E+00    7.23332227E+03    3.50000000E+00    6.84971289E+03    4.50000000E+00    5.83187695E+03    5.50000000E+00    4.86861426E+03    6.50000000E+00    4.05875903E+03
    4.89795774E-01    2.50000000E+00    7.28218701E+03    3.50000000E+00    6.88259473E+03    4.50000000E+00    5.85330322E+03    5.50000000E+00    4.88317920E+03    6.50000000E+00    4.06902661E+03
    5.30612111E-01    2.50000000E+00    7.32875098E+03    3.50000000E+00    6.91387305E+03    4.50000000E+00    5.87366553E+03    5.50000000E+00    4.89701660E+03    6.50000000E+00    4.07877344E+03
    5.71428418E-01    2.50000000E+00    7.37327979E+03    3.50000000E+00    6.94373584E+03    4.50000000E+00    5.89308691E+03    5.50000000E+00    4.91021191E+03    6.50000000E+00    4.08805933E+03
    6.12244725E-01    2.50000000E+00    7.41599609E+03    3.50000000E+00    6.97233545E+03    4.50000000E+00    5.91166992E+03    5.50000000E+00    4.92283496E+03    6.50000000E+00    4.09693457E+03
    6.53061032E-01    2.50000000E+00    7.45708252E+03    3.50000000E+00    6.99979785E+03    4.50000000E+00    5.92949756E+03    5.50000000E+00    4.93494287E+03    6.50000000E+00    4.10544189E+03
    6.93877339E-01    2.50000000E+00    7.49669043E+03    3.50000000E+00    7.02623291E+03    4.50000000E+00    5.94664307E+03    5.50000000E+00    4.94658398E+03    6.50000000E+00    4.11361523E+03
    7.34693646E-01    2.50000000E+00    7.53495020E+03    3.50000000E+00    7.05173291E+03    4.50000000E+00    5.96316504E+03    5.50000000E+00    4.95779980E+03    6.50000000E+00    4.12148291E+03
    7.75509953E-01    2.50000000E+00    7.57197021E+03    3.50000000E+00    7.07637061E+03    4.50000000E+00    5.97911475E+03    5.50000000E+00    4.96862305E+03    6.50000000E+00    4.12907178E+03
    8.16326261E-01    2.50000000E+00    7.60783838E+03    3.50000000E+00    7.10020996E+03    4.50000000E+00    5.99453516E+03    5.50000000E+00    4.97908447E+03    6.50000000E+00    4.13640137E+03
    8.57142568E-01    2.50000000E+00    7.64262744E+03    3.50000000E+00    7.12330029E+03    4.50000000E+00    6.00945654E+03    5.50000000E+00    4.98920703E+03    6.50000000E+00    4.14348877E+03
    8.97958875E-01    2.50000000E+00    7.67637842E+03    3.50000000E+00    7.14567236E+03    4.50000000E+00    6.02390479E+03    5.50000000E+00    4.99900537E+03    6.50000000E+00    4.15034570E+03
    9.38775182E-01    2.50000000E+00    7.70908447E+03    3.50000000E+00    7.16732666E+03    4.50000000E+00    6.03788379E+03    5.50000000E+00    5.00848242E+03    6.50000000E+00    4.15697363E+03
    9.79591489E-01    2.50000000E+00    7.74200293E+03    3.50000000E+00    7.18910059E+03    4.50000000E+00    6.05193945E+03    5.50000000E+00    5.01801709E+03    6.50000000E+00    4.16363965E+03
