    5.00000007E-02
    8.03030282E-02
    1.10606059E-01
    1.40909091E-01
    1.71212122E-01
    2.01515153E-01
    2.31818184E-01
    2.62121201E-01
    2.92424232E-01
    3.22727263E-01
    3.53030294E-01
    3.83333325E-01
    4.13636357E-01
    4.43939388E-01
    4.74242419E-01
    5.04545450E-01
    5.34848452E-01
    5.65151453E-01
    5.95454454E-01
    6.25757456E-01
    6.56060457E-01
    6.86363459E-01
    7.16666460E-01
    7.46969461E-01
    7.77272463E-01
    8.07575464E-01
    8.37878466E-01
    8.68181467E-01
    8.98484468E-01
    9.28787470E-01
    9.59090471E-01
    9.89393473E-01
    1.01969647E+00
    1.04999948E+00
    1.08030248E+00
    1.11060548E+00
    1.14090848E+00
    1.17121148E+00
    1.20151448E+00
    1.23181748E+00
    1.26212049E+00
    1.29242349E+00
    1.32272649E+00
    1.35302949E+00
    1.38333249E+00
    1.41363549E+00
    1.44393849E+00
    1.47424150E+00
    1.50454450E+00
    1.53484750E+00
    1.56515050E+00
    1.59545350E+00
    1.62575650E+00
    1.65605950E+00
    1.68636250E+00
    1.71666551E+00
    1.74696851E+00
    1.77727151E+00
    1.80757451E+00
    1.83787751E+00
    1.86818051E+00
    1.89848351E+00
    1.92878652E+00
    1.95908952E+00
    1.98939252E+00
    2.01969552E+00
    2.04999852E+00
    2.08030152E+00
    2.11060452E+00
    2.14090753E+00
    2.17121053E+00
    2.20151353E+00
    2.23181653E+00
    2.26211953E+00
    2.29242253E+00
    2.32272553E+00
    2.35302854E+00
    2.38333154E+00
    2.41363454E+00
    2.44393754E+00
    2.47424054E+00
    2.50454354E+00
    2.53484654E+00
    2.56514955E+00
    2.59545255E+00
    2.62575555E+00
    2.65605855E+00
    2.68636155E+00
    2.71666455E+00
    2.74696755E+00
    2.77727056E+00
    2.80757356E+00
    2.83787656E+00
    2.86817956E+00
    2.89848256E+00
    2.92878556E+00
    2.95908856E+00
    2.98939157E+00
    3.01969457E+00
    3.04999757E+00
