   -9.79591846E-01    2.50000000E+00    4.34823877E+03    3.50000000E+00    4.23785938E+03    4.50000000E+00    3.74493994E+03    5.50000000E+00    3.16951099E+03    6.50000000E+00    2.63612183E+03
   -9.38775539E-01    2.50000000E+00    4.37109521E+03    3.50000000E+00    4.25228320E+03    4.50000000E+00    3.75448145E+03    5.50000000E+00    3.17620239E+03    6.50000000E+00    2.64109619E+03
   -8.97959232E-01    2.50000000E+00    4.40264893E+03    3.50000000E+00    4.27494482E+03    4.50000000E+00    3.77121118E+03    5.50000000E+00    3.18893750E+03    6.50000000E+00    2.65107593E+03
   -8.57142925E-01    2.50000000E+00    4.43520312E+03    3.50000000E+00    4.29829688E+03    4.50000000E+00    3.78844507E+03    5.50000000E+00    3.20205200E+03    6.50000000E+00    2.66134790E+03
   -8.16326618E-01    2.50000000E+00    4.46886719E+03    3.50000000E+00    4.32241748E+03    4.50000000E+00    3.80623218E+03    5.50000000E+00    3.21558130E+03    6.50000000E+00    2.67193872E+03
   -7.75510311E-01    2.50000000E+00    4.50374170E+03    3.50000000E+00    4.34737451E+03    4.50000000E+00    3.82462378E+03    5.50000000E+00    3.22956494E+03    6.50000000E+00    2.68287769E+03
   -7.34694004E-01    2.50000000E+00    4.53993945E+03    3.50000000E+00    4.37324561E+03    4.50000000E+00    3.84367358E+03    5.50000000E+00    3.24404224E+03    6.50000000E+00    2.69419458E+03
   -6.93877697E-01    2.50000000E+00    4.57758350E+03    3.50000000E+00    4.40011768E+03    4.50000000E+00    3.86344580E+03    5.50000000E+00    3.25906006E+03    6.50000000E+00    2.70592554E+03
   -6.53061390E-01    2.50000000E+00    4.61681934E+03    3.50000000E+00    4.42808740E+03    4.50000000E+00    3.88400879E+03    5.50000000E+00    3.27467041E+03    6.50000000E+00    2.71810938E+03
   -6.12245083E-01    2.50000000E+00    4.65781494E+03    3.50000000E+00    4.45727051E+03    4.50000000E+00    3.90544458E+03    5.50000000E+00    3.29093555E+03    6.50000000E+00    2.73079419E+03
   -5.71428776E-01    2.50000000E+00    4.70076709E+03    3.50000000E+00    4.48779883E+03    4.50000000E+00    3.92785205E+03    5.50000000E+00    3.30792798E+03    6.50000000E+00    2.74403540E+03
   -5.30612469E-01    2.50000000E+00    4.74590576E+03    3.50000000E+00    4.51983203E+03    4.50000000E+00    3.95134448E+03    5.50000000E+00    3.32573267E+03    6.50000000E+00    2.75790186E+03
   -4.89796132E-01    2.50000000E+00    4.79350732E+03    3.50000000E+00    4.55356201E+03    4.50000000E+00    3.97606030E+03    5.50000000E+00    3.34445386E+03    6.50000000E+00    2.77247461E+03
   -4.48979795E-01    2.50000000E+00    4.84390967E+03    3.50000000E+00    4.58922314E+03    4.50000000E+00    4.00216675E+03    5.50000000E+00    3.36421582E+03    6.50000000E+00    2.78785327E+03
   -4.08163458E-01    2.50000000E+00    4.89753320E+03    3.50000000E+00    4.62710303E+03    4.50000000E+00    4.02987183E+03    5.50000000E+00    3.38517480E+03    6.50000000E+00    2.80416016E+03
   -3.67347121E-01    2.50000000E+00    4.95490771E+03    3.50000000E+00    4.66756738E+03    4.50000000E+00    4.05943726E+03    5.50000000E+00    3.40752783E+03    6.50000000E+00    2.82154688E+03
   -3.26530784E-01    2.50000000E+00    5.01671240E+03    3.50000000E+00    4.71108398E+03    4.50000000E+00    4.09120215E+03    5.50000000E+00    3.43152832E+03    6.50000000E+00    2.84021069E+03
   -2.85714447E-01    2.50000000E+00    5.08385303E+03    3.50000000E+00    4.75827588E+03    4.50000000E+00    4.12561768E+03    5.50000000E+00    3.45751245E+03    6.50000000E+00    2.86041406E+03
   -2.44898126E-01    2.50000000E+00    5.15757422E+03    3.50000000E+00    4.81000293E+03    4.50000000E+00    4.16330127E+03    5.50000000E+00    3.48594531E+03    6.50000000E+00    2.88251904E+03
   -2.04081804E-01    2.50000000E+00    5.23965625E+03    3.50000000E+00    4.86749414E+03    4.50000000E+00    4.20514062E+03    5.50000000E+00    3.51749072E+03    6.50000000E+00    2.90704150E+03
   -1.63265482E-01    2.50000000E+00    5.33281738E+03    3.50000000E+00    4.93262646E+03    4.50000000E+00    4.25248730E+03    5.50000000E+00    3.55316284E+03    6.50000000E+00    2.93477075E+03
   -1.22449160E-01    2.50000000E+00    5.44155029E+03    3.50000000E+00    5.00850195E+03    4.50000000E+00    4.30758643E+03    5.50000000E+00    3.59464307E+03    6.50000000E+00    2.96700977E+03
   -8.16328377E-02    2.50000000E+00    5.57430176E+03    3.50000000E+00    5.10096094E+03    4.50000000E+00    4.37465381E+03    5.50000000E+00    3.64509521E+03    6.50000000E+00    3.00620776E+03
   -4.08165120E-02    2.50000000E+00    5.75100488E+03    3.50000000E+00    5.22379736E+03    4.50000000E+00    4.46365771E+03    5.50000000E+00    3.71199658E+03    6.50000000E+00    3.05816626E+03
   -1.86264515E-07    2.50000000E+00    6.07063184E+03    3.50000000E+00    5.44559326E+03    4.50000000E+00    4.62420703E+03    5.50000000E+00    3.83258960E+03    6.50000000E+00    3.15178271E+03
    4.08161394E-02    2.50000000E+00    6.41735889E+03    3.50000000E+00    5.68514258E+03    4.50000000E+00    4.79716699E+03    5.50000000E+00    3.96228467E+03    6.50000000E+00    3.25235522E+03
    8.16324651E-02    2.50000000E+00    6.61822021E+03    3.50000000E+00    5.82366699E+03    4.50000000E+00    4.89707568E+03    5.50000000E+00    4.03715161E+03    6.50000000E+00    3.31038354E+03
    1.22448787E-01    2.50000000E+00    6.77357910E+03    3.50000000E+00    5.93063135E+03    4.50000000E+00    4.97414307E+03    5.50000000E+00    4.09486914E+03    6.50000000E+00    3.35510229E+03
    1.63265109E-01    2.50000000E+00    6.90390820E+03    3.50000000E+00    6.02020557E+03    4.50000000E+00    5.03859717E+03    5.50000000E+00    4.14310498E+03    6.50000000E+00    3.39247559E+03
    2.04081431E-01    2.50000000E+00    7.01783447E+03    3.50000000E+00    6.09845752E+03    4.50000000E+00    5.09492188E+03    5.50000000E+00    4.18526709E+03    6.50000000E+00    3.42511597E+03
    2.44897753E-01    2.50000000E+00    7.12017188E+03    3.50000000E+00    6.16858984E+03    4.50000000E+00    5.14530420E+03    5.50000000E+00    4.22295020E+03    6.50000000E+00    3.45428296E+03
    2.85714090E-01    2.50000000E+00    7.21354688E+03    3.50000000E+00    6.23248828E+03    4.50000000E+00    5.19117432E+03    5.50000000E+00    4.25724170E+03    6.50000000E+00    3.48081689E+03
    3.26530427E-01    2.50000000E+00    7.29983740E+03    3.50000000E+00    6.29146094E+03    4.50000000E+00    5.23346924E+03    5.50000000E+00    4.28884717E+03    6.50000000E+00    3.50526489E+03
    3.67346764E-01    2.50000000E+00    7.38034717E+03    3.50000000E+00    6.34641016E+03    4.50000000E+00    5.27284619E+03    5.50000000E+00    4.31826074E+03    6.50000000E+00    3.52800952E+03
    4.08163100E-01    2.50000000E+00    7.45602881E+03    3.50000000E+00    6.39799902E+03    4.50000000E+00    5.30978271E+03    5.50000000E+00    4.34584229E+03    6.50000000E+00    3.54933154E+03
    4.48979437E-01    2.50000000E+00    7.52760303E+03    3.50000000E+00    6.44672656E+03    4.50000000E+00    5.34464355E+03    5.50000000E+00    4.37186377E+03    6.50000000E+00    3.56944214E+03
    4.89795774E-01    2.50000000E+00    7.59562695E+03    3.50000000E+00    6.49298047E+03    4.50000000E+00    5.37771143E+03    5.50000000E+00    4.39653760E+03    6.50000000E+00    3.58850562E+03
    5.30612111E-01    2.50000000E+00    7.66054443E+03    3.50000000E+00    6.53707178E+03    4.50000000E+00    5.40921240E+03    5.50000000E+00    4.42003125E+03    6.50000000E+00    3.60665259E+03
    5.71428418E-01    2.50000000E+00    7.72271680E+03    3.50000000E+00    6.57925049E+03    4.50000000E+00    5.43932959E+03    5.50000000E+00    4.44248096E+03    6.50000000E+00    3.62398950E+03
    6.12244725E-01    2.50000000E+00    7.78243750E+03    3.50000000E+00    6.61972168E+03    4.50000000E+00    5.46820898E+03    5.50000000E+00    4.46400098E+03    6.50000000E+00    3.64060449E+03
    6.53061032E-01    2.50000000E+00    7.83995410E+03    3.50000000E+00    6.65865625E+03    4.50000000E+00    5.49597803E+03    5.50000000E+00    4.48468457E+03    6.50000000E+00    3.65656982E+03
    6.93877339E-01    2.50000000E+00    7.89547119E+03    3.50000000E+00    6.69619873E+03    4.50000000E+00    5.52274268E+03    5.50000000E+00    4.50461035E+03    6.50000000E+00    3.67194604E+03
    7.34693646E-01    2.50000000E+00    7.94916113E+03    3.50000000E+00    6.73247217E+03    4.50000000E+00    5.54859521E+03    5.50000000E+00    4.52384229E+03    6.50000000E+00    3.68678491E+03
    7.75509953E-01    2.50000000E+00    8.00117285E+03    3.50000000E+00    6.76757861E+03    4.50000000E+00    5.57361133E+03    5.50000000E+00    4.54243994E+03    6.50000000E+00    3.70113062E+03
    8.16326261E-01    2.50000000E+00    8.05162402E+03    3.50000000E+00    6.80160254E+03    4.50000000E+00    5.59785693E+03    5.50000000E+00    4.56044922E+03    6.50000000E+00    3.71501904E+03
    8.57142568E-01    2.50000000E+00    8.10061230E+03    3.50000000E+00    6.83460693E+03    4.50000000E+00    5.62138086E+03    5.50000000E+00    4.57790430E+03    6.50000000E+00    3.72847974E+03
    8.97958875E-01    2.50000000E+00    8.14819678E+03    3.50000000E+00    6.86663916E+03    4.50000000E+00    5.64420850E+03    5.50000000E+00    4.59483203E+03    6.50000000E+00    3.74153125E+03
    9.38775182E-01    2.50000000E+00    8.19435938E+03    3.50000000E+00    6.89769189E+03    4.50000000E+00    5.66634619E+03    5.50000000E+00    4.61123340E+03    6.50000000E+00    3.75417310E+03
    9.79591489E-01    2.50000000E+00    8.24090723E+03    3.50000000E+00    6.92899072E+03    4.50000000E+00    5.68866943E+03    5.50000000E+00    4.62776465E+03    6.50000000E+00    3.76691211E+03
