   -9.79591846E-01    2.50000000E+00    9.48455872E+02    3.50000000E+00    6.20057983E+02    4.50000000E+00    3.81079132E+02    5.50000000E+00    2.26997833E+02    6.50000000E+00    1.33966385E+02
   -9.38775539E-01    2.50000000E+00    9.51581787E+02    3.50000000E+00    6.21129272E+02    4.50000000E+00    3.81557800E+02    5.50000000E+00    2.27243088E+02    6.50000000E+00    1.34100922E+02
   -8.97959232E-01    2.50000000E+00    9.58285950E+02    3.50000000E+00    6.24510498E+02    4.50000000E+00    3.83450684E+02    5.50000000E+00    2.28329422E+02    6.50000000E+00    1.34731400E+02
   -8.57142925E-01    2.50000000E+00    9.65187378E+02    3.50000000E+00    6.27980591E+02    4.50000000E+00    3.85391418E+02    5.50000000E+00    2.29442657E+02    6.50000000E+00    1.35377365E+02
   -8.16326618E-01    2.50000000E+00    9.72307373E+02    3.50000000E+00    6.31547241E+02    4.50000000E+00    3.87383850E+02    5.50000000E+00    2.30584869E+02    6.50000000E+00    1.36039948E+02
   -7.75510311E-01    2.50000000E+00    9.79667603E+02    3.50000000E+00    6.35218811E+02    4.50000000E+00    3.89432190E+02    5.50000000E+00    2.31758453E+02    6.50000000E+00    1.36720505E+02
   -7.34694004E-01    2.50000000E+00    9.87291199E+02    3.50000000E+00    6.39004395E+02    4.50000000E+00    3.91541290E+02    5.50000000E+00    2.32966049E+02    6.50000000E+00    1.37420624E+02
   -6.93877697E-01    2.50000000E+00    9.95204895E+02    3.50000000E+00    6.42914551E+02    4.50000000E+00    3.93716705E+02    5.50000000E+00    2.34210800E+02    6.50000000E+00    1.38142059E+02
   -6.53061390E-01    2.50000000E+00    1.00343939E+03    3.50000000E+00    6.46961609E+02    4.50000000E+00    3.95964905E+02    5.50000000E+00    2.35496368E+02    6.50000000E+00    1.38886887E+02
   -6.12245083E-01    2.50000000E+00    1.01202881E+03    3.50000000E+00    6.51159790E+02    4.50000000E+00    3.98293457E+02    5.50000000E+00    2.36826889E+02    6.50000000E+00    1.39657486E+02
   -5.71428776E-01    2.50000000E+00    1.02100378E+03    3.50000000E+00    6.55525696E+02    4.50000000E+00    4.00711151E+02    5.50000000E+00    2.38207321E+02    6.50000000E+00    1.40456711E+02
   -5.30612469E-01    2.50000000E+00    1.03040479E+03    3.50000000E+00    6.60079529E+02    4.50000000E+00    4.03228455E+02    5.50000000E+00    2.39643570E+02    6.50000000E+00    1.41287964E+02
   -4.89796132E-01    2.50000000E+00    1.04028284E+03    3.50000000E+00    6.64845276E+02    4.50000000E+00    4.05858215E+02    5.50000000E+00    2.41142746E+02    6.50000000E+00    1.42155273E+02
   -4.48979795E-01    2.50000000E+00    1.05070129E+03    3.50000000E+00    6.69852722E+02    4.50000000E+00    4.08615967E+02    5.50000000E+00    2.42713577E+02    6.50000000E+00    1.43063675E+02
   -4.08163458E-01    2.50000000E+00    1.06174365E+03    3.50000000E+00    6.75138062E+02    4.50000000E+00    4.11521149E+02    5.50000000E+00    2.44366898E+02    6.50000000E+00    1.44019424E+02
   -3.67347121E-01    2.50000000E+00    1.07351526E+03    3.50000000E+00    6.80747864E+02    4.50000000E+00    4.14598419E+02    5.50000000E+00    2.46116531E+02    6.50000000E+00    1.45030396E+02
   -3.26530784E-01    2.50000000E+00    1.08615198E+03    3.50000000E+00    6.86742554E+02    4.50000000E+00    4.17879791E+02    5.50000000E+00    2.47980377E+02    6.50000000E+00    1.46106857E+02
   -2.85714447E-01    2.50000000E+00    1.09983496E+03    3.50000000E+00    6.93202515E+02    4.50000000E+00    4.21408020E+02    5.50000000E+00    2.49982407E+02    6.50000000E+00    1.47262512E+02
   -2.44898126E-01    2.50000000E+00    1.11481335E+03    3.50000000E+00    7.00239258E+02    4.50000000E+00    4.25242310E+02    5.50000000E+00    2.52155731E+02    6.50000000E+00    1.48516342E+02
   -2.04081804E-01    2.50000000E+00    1.13144727E+03    3.50000000E+00    7.08013977E+02    4.50000000E+00    4.29468292E+02    5.50000000E+00    2.54548401E+02    6.50000000E+00    1.49895950E+02
   -1.63265482E-01    2.50000000E+00    1.15028796E+03    3.50000000E+00    7.16773376E+02    4.50000000E+00    4.34217407E+02    5.50000000E+00    2.57234100E+02    6.50000000E+00    1.51443604E+02
   -1.22449160E-01    2.50000000E+00    1.17225342E+03    3.50000000E+00    7.26930054E+02    4.50000000E+00    4.39709412E+02    5.50000000E+00    2.60336029E+02    6.50000000E+00    1.53230026E+02
   -8.16328377E-02    2.50000000E+00    1.19908179E+03    3.50000000E+00    7.39265930E+02    4.50000000E+00    4.46361267E+02    5.50000000E+00    2.64088226E+02    6.50000000E+00    1.55389633E+02
   -4.08165120E-02    2.50000000E+00    1.23490088E+03    3.50000000E+00    7.55642822E+02    4.50000000E+00    4.55167358E+02    5.50000000E+00    2.69048981E+02    6.50000000E+00    1.58242920E+02
   -1.86264515E-07    2.50000000E+00    1.30026990E+03    3.50000000E+00    7.85372620E+02    4.50000000E+00    4.71110504E+02    5.50000000E+00    2.78019012E+02    6.50000000E+00    1.63398880E+02
    4.08161394E-02    2.50000000E+00    1.37492053E+03    3.50000000E+00    8.18914368E+02    4.50000000E+00    4.88985443E+02    5.50000000E+00    2.88046082E+02    6.50000000E+00    1.69153656E+02
    8.16324651E-02    2.50000000E+00    1.41884155E+03    3.50000000E+00    8.38552368E+02    4.50000000E+00    4.99423706E+02    5.50000000E+00    2.93894043E+02    6.50000000E+00    1.72507828E+02
    1.22448787E-01    2.50000000E+00    1.45290723E+03    3.50000000E+00    8.53716064E+02    4.50000000E+00    5.07464111E+02    5.50000000E+00    2.98393311E+02    6.50000000E+00    1.75086761E+02
    1.63265109E-01    2.50000000E+00    1.48150159E+03    3.50000000E+00    8.66385803E+02    4.50000000E+00    5.14163330E+02    5.50000000E+00    3.02136658E+02    6.50000000E+00    1.77230774E+02
    2.04081431E-01    2.50000000E+00    1.50646948E+03    3.50000000E+00    8.77425781E+02    4.50000000E+00    5.19998901E+02    5.50000000E+00    3.05397003E+02    6.50000000E+00    1.79098068E+02
    2.44897753E-01    2.50000000E+00    1.52888171E+03    3.50000000E+00    8.87281982E+02    4.50000000E+00    5.25189758E+02    5.50000000E+00    3.08291809E+02    6.50000000E+00    1.80754547E+02
    2.85714090E-01    2.50000000E+00    1.54928162E+03    3.50000000E+00    8.96217102E+02    4.50000000E+00    5.29885620E+02    5.50000000E+00    3.10907959E+02    6.50000000E+00    1.82250687E+02
    3.26530427E-01    2.50000000E+00    1.56807849E+03    3.50000000E+00    9.04419678E+02    4.50000000E+00    5.34187256E+02    5.50000000E+00    3.13301880E+02    6.50000000E+00    1.83619003E+02
    3.67346764E-01    2.50000000E+00    1.58556213E+03    3.50000000E+00    9.12021118E+02    4.50000000E+00    5.38165283E+02    5.50000000E+00    3.15513245E+02    6.50000000E+00    1.84882278E+02
    4.08163100E-01    2.50000000E+00    1.60194373E+03    3.50000000E+00    9.19117676E+02    4.50000000E+00    5.41871521E+02    5.50000000E+00    3.17571198E+02    6.50000000E+00    1.86057266E+02
    4.48979437E-01    2.50000000E+00    1.61738354E+03    3.50000000E+00    9.25782715E+02    4.50000000E+00    5.45345093E+02    5.50000000E+00    3.19498077E+02    6.50000000E+00    1.87156784E+02
    4.89795774E-01    2.50000000E+00    1.63200659E+03    3.50000000E+00    9.32073364E+02    4.50000000E+00    5.48616943E+02    5.50000000E+00    3.21311310E+02    6.50000000E+00    1.88190857E+02
    5.30612111E-01    2.50000000E+00    1.64591321E+03    3.50000000E+00    9.38035706E+02    4.50000000E+00    5.51711853E+02    5.50000000E+00    3.23024689E+02    6.50000000E+00    1.89167496E+02
    5.71428418E-01    2.50000000E+00    1.65918445E+03    3.50000000E+00    9.43706787E+02    4.50000000E+00    5.54649902E+02    5.50000000E+00    3.24649536E+02    6.50000000E+00    1.90093201E+02
    6.12244725E-01    2.50000000E+00    1.67188782E+03    3.50000000E+00    9.49117798E+02    4.50000000E+00    5.57447632E+02    5.50000000E+00    3.26195312E+02    6.50000000E+00    1.90973373E+02
    6.53061032E-01    2.50000000E+00    1.68407971E+03    3.50000000E+00    9.54294434E+02    4.50000000E+00    5.60119141E+02    5.50000000E+00    3.27669952E+02    6.50000000E+00    1.91812546E+02
    6.93877339E-01    2.50000000E+00    1.69580725E+03    3.50000000E+00    9.59258484E+02    4.50000000E+00    5.62676208E+02    5.50000000E+00    3.29079987E+02    6.50000000E+00    1.92614594E+02
    7.34693646E-01    2.50000000E+00    1.70711047E+03    3.50000000E+00    9.64028442E+02    4.50000000E+00    5.65128845E+02    5.50000000E+00    3.30431061E+02    6.50000000E+00    1.93382721E+02
    7.75509953E-01    2.50000000E+00    1.71802380E+03    3.50000000E+00    9.68620239E+02    4.50000000E+00    5.67485535E+02    5.50000000E+00    3.31728088E+02    6.50000000E+00    1.94119736E+02
    8.16326261E-01    2.50000000E+00    1.72857593E+03    3.50000000E+00    9.73047119E+02    4.50000000E+00    5.69753723E+02    5.50000000E+00    3.32975189E+02    6.50000000E+00    1.94827988E+02
    8.57142568E-01    2.50000000E+00    1.73878979E+03    3.50000000E+00    9.77320312E+02    4.50000000E+00    5.71939270E+02    5.50000000E+00    3.34175842E+02    6.50000000E+00    1.95509567E+02
    8.97958875E-01    2.50000000E+00    1.74868237E+03    3.50000000E+00    9.81447998E+02    4.50000000E+00    5.74046997E+02    5.50000000E+00    3.35332672E+02    6.50000000E+00    1.96165955E+02
    9.38775182E-01    2.50000000E+00    1.75825476E+03    3.50000000E+00    9.85432739E+02    4.50000000E+00    5.76078430E+02    5.50000000E+00    3.36446777E+02    6.50000000E+00    1.96797760E+02
    9.79591489E-01    2.50000000E+00    1.76789771E+03    3.50000000E+00    9.89440613E+02    4.50000000E+00    5.78119690E+02    5.50000000E+00    3.37565643E+02    6.50000000E+00    1.97432159E+02
