   -9.79591846E-01    2.50000000E+00    2.73649731E+03    3.50000000E+00    2.25137476E+03    4.50000000E+00    1.72234436E+03    5.50000000E+00    1.28213123E+03    6.50000000E+00    9.50725647E+02
   -9.38775539E-01    2.50000000E+00    2.74771265E+03    3.50000000E+00    2.25614453E+03    4.50000000E+00    1.72451953E+03    5.50000000E+00    1.28324158E+03    6.50000000E+00    9.51387939E+02
   -8.97959232E-01    2.50000000E+00    2.76429102E+03    3.50000000E+00    2.26520044E+03    4.50000000E+00    1.72992993E+03    5.50000000E+00    1.28674731E+03    6.50000000E+00    9.53822937E+02
   -8.57142925E-01    2.50000000E+00    2.78136841E+03    3.50000000E+00    2.27451367E+03    4.50000000E+00    1.73548767E+03    5.50000000E+00    1.29034753E+03    6.50000000E+00    9.56322266E+02
   -8.16326618E-01    2.50000000E+00    2.79899609E+03    3.50000000E+00    2.28411182E+03    4.50000000E+00    1.74120557E+03    5.50000000E+00    1.29405017E+03    6.50000000E+00    9.58892212E+02
   -7.75510311E-01    2.50000000E+00    2.81722485E+03    3.50000000E+00    2.29401807E+03    4.50000000E+00    1.74709827E+03    5.50000000E+00    1.29786450E+03    6.50000000E+00    9.61538330E+02
   -7.34694004E-01    2.50000000E+00    2.83611133E+03    3.50000000E+00    2.30426001E+03    4.50000000E+00    1.75318127E+03    5.50000000E+00    1.30180005E+03    6.50000000E+00    9.64267822E+02
   -6.93877697E-01    2.50000000E+00    2.85571680E+03    3.50000000E+00    2.31487012E+03    4.50000000E+00    1.75947302E+03    5.50000000E+00    1.30586829E+03    6.50000000E+00    9.67087708E+02
   -6.53061390E-01    2.50000000E+00    2.87611279E+03    3.50000000E+00    2.32588403E+03    4.50000000E+00    1.76599365E+03    5.50000000E+00    1.31008167E+03    6.50000000E+00    9.70006958E+02
   -6.12245083E-01    2.50000000E+00    2.89738013E+03    3.50000000E+00    2.33734375E+03    4.50000000E+00    1.77276746E+03    5.50000000E+00    1.31445520E+03    6.50000000E+00    9.73035645E+02
   -5.71428776E-01    2.50000000E+00    2.91961548E+03    3.50000000E+00    2.34929712E+03    4.50000000E+00    1.77982251E+03    5.50000000E+00    1.31900635E+03    6.50000000E+00    9.76185913E+02
   -5.30612469E-01    2.50000000E+00    2.94293262E+03    3.50000000E+00    2.36180176E+03    4.50000000E+00    1.78719153E+03    5.50000000E+00    1.32375574E+03    6.50000000E+00    9.79471985E+02
   -4.89796132E-01    2.50000000E+00    2.96746948E+03    3.50000000E+00    2.37492773E+03    4.50000000E+00    1.79491431E+03    5.50000000E+00    1.32872852E+03    6.50000000E+00    9.82910583E+02
   -4.48979795E-01    2.50000000E+00    2.99339233E+03    3.50000000E+00    2.38876001E+03    4.50000000E+00    1.80303931E+03    5.50000000E+00    1.33395508E+03    6.50000000E+00    9.86522949E+02
   -4.08163458E-01    2.50000000E+00    3.02090771E+03    3.50000000E+00    2.40340405E+03    4.50000000E+00    1.81162610E+03    5.50000000E+00    1.33947363E+03    6.50000000E+00    9.90334839E+02
   -3.67347121E-01    2.50000000E+00    3.05027612E+03    3.50000000E+00    2.41899341E+03    4.50000000E+00    1.82075061E+03    5.50000000E+00    1.34533179E+03    6.50000000E+00    9.94378906E+02
   -3.26530784E-01    2.50000000E+00    3.08183545E+03    3.50000000E+00    2.43569897E+03    4.50000000E+00    1.83051160E+03    5.50000000E+00    1.35159094E+03    6.50000000E+00    9.98697449E+02
   -2.85714447E-01    2.50000000E+00    3.11603320E+03    3.50000000E+00    2.45374854E+03    4.50000000E+00    1.84103943E+03    5.50000000E+00    1.35833447E+03    6.50000000E+00    1.00334674E+03
   -2.44898126E-01    2.50000000E+00    3.15348267E+03    3.50000000E+00    2.47345557E+03    4.50000000E+00    1.85251282E+03    5.50000000E+00    1.36567505E+03    6.50000000E+00    1.00840454E+03
   -2.04081804E-01    2.50000000E+00    3.19506665E+03    3.50000000E+00    2.49527100E+03    4.50000000E+00    1.86519019E+03    5.50000000E+00    1.37377539E+03    6.50000000E+00    1.01398248E+03
   -1.63265482E-01    2.50000000E+00    3.24213013E+03    3.50000000E+00    2.51988281E+03    4.50000000E+00    1.87946448E+03    5.50000000E+00    1.38288525E+03    6.50000000E+00    1.02025110E+03
   -1.22449160E-01    2.50000000E+00    3.29690039E+03    3.50000000E+00    2.54843408E+03    4.50000000E+00    1.89598950E+03    5.50000000E+00    1.39341675E+03    6.50000000E+00    1.02749304E+03
   -8.16328377E-02    2.50000000E+00    3.36356787E+03    3.50000000E+00    2.58307886E+03    4.50000000E+00    1.91599719E+03    5.50000000E+00    1.40615039E+03    6.50000000E+00    1.03624219E+03
   -4.08165120E-02    2.50000000E+00    3.45203491E+03    3.50000000E+00    2.62890796E+03    4.50000000E+00    1.94240405E+03    5.50000000E+00    1.42293347E+03    6.50000000E+00    1.04776550E+03
   -1.86264515E-07    2.50000000E+00    3.61157153E+03    3.50000000E+00    2.71130713E+03    4.50000000E+00    1.98978540E+03    5.50000000E+00    1.45300867E+03    6.50000000E+00    1.06840100E+03
    4.08161394E-02    2.50000000E+00    3.78332739E+03    3.50000000E+00    2.79935547E+03    4.50000000E+00    2.04015686E+03    5.50000000E+00    1.48487866E+03    6.50000000E+00    1.09023059E+03
    8.16324651E-02    2.50000000E+00    3.88250146E+03    3.50000000E+00    2.85003394E+03    4.50000000E+00    2.06908862E+03    5.50000000E+00    1.50315723E+03    6.50000000E+00    1.10274146E+03
    1.22448787E-01    2.50000000E+00    3.95896021E+03    3.50000000E+00    2.88898901E+03    4.50000000E+00    2.09128052E+03    5.50000000E+00    1.51715674E+03    6.50000000E+00    1.11231421E+03
    1.63265109E-01    2.50000000E+00    4.02288745E+03    3.50000000E+00    2.92145923E+03    4.50000000E+00    2.10977930E+03    5.50000000E+00    1.52883154E+03    6.50000000E+00    1.12030029E+03
    2.04081431E-01    2.50000000E+00    4.07862085E+03    3.50000000E+00    2.94974780E+03    4.50000000E+00    2.12583813E+03    5.50000000E+00    1.53894446E+03    6.50000000E+00    1.12721033E+03
    2.44897753E-01    2.50000000E+00    4.12851318E+03    3.50000000E+00    2.97496167E+03    4.50000000E+00    2.14013232E+03    5.50000000E+00    1.54793604E+03    6.50000000E+00    1.13335022E+03
    2.85714090E-01    2.50000000E+00    4.17389551E+03    3.50000000E+00    2.99784375E+03    4.50000000E+00    2.15308252E+03    5.50000000E+00    1.55607349E+03    6.50000000E+00    1.13890381E+03
    3.26530427E-01    2.50000000E+00    4.21571289E+03    3.50000000E+00    3.01887598E+03    4.50000000E+00    2.16496680E+03    5.50000000E+00    1.56353296E+03    6.50000000E+00    1.14399219E+03
    3.67346764E-01    2.50000000E+00    4.25461816E+03    3.50000000E+00    3.03839673E+03    4.50000000E+00    2.17597852E+03    5.50000000E+00    1.57043811E+03    6.50000000E+00    1.14870007E+03
    4.08163100E-01    2.50000000E+00    4.29108789E+03    3.50000000E+00    3.05665234E+03    4.50000000E+00    2.18626147E+03    5.50000000E+00    1.57687976E+03    6.50000000E+00    1.15308911E+03
    4.48979437E-01    2.50000000E+00    4.32548389E+03    3.50000000E+00    3.07383032E+03    4.50000000E+00    2.19592236E+03    5.50000000E+00    1.58292615E+03    6.50000000E+00    1.15720679E+03
    4.89795774E-01    2.50000000E+00    4.35808789E+03    3.50000000E+00    3.09007715E+03    4.50000000E+00    2.20504565E+03    5.50000000E+00    1.58863123E+03    6.50000000E+00    1.16108984E+03
    5.30612111E-01    2.50000000E+00    4.38912354E+03    3.50000000E+00    3.10550854E+03    4.50000000E+00    2.21369897E+03    5.50000000E+00    1.59403674E+03    6.50000000E+00    1.16476770E+03
    5.71428418E-01    2.50000000E+00    4.41877051E+03    3.50000000E+00    3.12021924E+03    4.50000000E+00    2.22193701E+03    5.50000000E+00    1.59917773E+03    6.50000000E+00    1.16826392E+03
    6.12244725E-01    2.50000000E+00    4.44717822E+03    3.50000000E+00    3.13428662E+03    4.50000000E+00    2.22980420E+03    5.50000000E+00    1.60408337E+03    6.50000000E+00    1.17159851E+03
    6.53061032E-01    2.50000000E+00    4.47447168E+03    3.50000000E+00    3.14777563E+03    4.50000000E+00    2.23733740E+03    5.50000000E+00    1.60877698E+03    6.50000000E+00    1.17478748E+03
    6.93877339E-01    2.50000000E+00    4.50075537E+03    3.50000000E+00    3.16073877E+03    4.50000000E+00    2.24456738E+03    5.50000000E+00    1.61327832E+03    6.50000000E+00    1.17784448E+03
    7.34693646E-01    2.50000000E+00    4.52611426E+03    3.50000000E+00    3.17322241E+03    4.50000000E+00    2.25152148E+03    5.50000000E+00    1.61760486E+03    6.50000000E+00    1.18078186E+03
    7.75509953E-01    2.50000000E+00    4.55062549E+03    3.50000000E+00    3.18526709E+03    4.50000000E+00    2.25822388E+03    5.50000000E+00    1.62177026E+03    6.50000000E+00    1.18360840E+03
    8.16326261E-01    2.50000000E+00    4.57434863E+03    3.50000000E+00    3.19690576E+03    4.50000000E+00    2.26469214E+03    5.50000000E+00    1.62578748E+03    6.50000000E+00    1.18633276E+03
    8.57142568E-01    2.50000000E+00    4.59733398E+03    3.50000000E+00    3.20816357E+03    4.50000000E+00    2.27094165E+03    5.50000000E+00    1.62966614E+03    6.50000000E+00    1.18896265E+03
    8.97958875E-01    2.50000000E+00    4.61961426E+03    3.50000000E+00    3.21905884E+03    4.50000000E+00    2.27698267E+03    5.50000000E+00    1.63341296E+03    6.50000000E+00    1.19150208E+03
    9.38775182E-01    2.50000000E+00    4.64118750E+03    3.50000000E+00    3.22959131E+03    4.50000000E+00    2.28282202E+03    5.50000000E+00    1.63703113E+03    6.50000000E+00    1.19395349E+03
    9.79591489E-01    2.50000000E+00    4.66290186E+03    3.50000000E+00    3.24018555E+03    4.50000000E+00    2.28869067E+03    5.50000000E+00    1.64066821E+03    6.50000000E+00    1.19641760E+03
