   -9.79591846E-01    2.50000000E+00    2.73649878E+03    3.50000000E+00    2.25137549E+03    4.50000000E+00    1.72234583E+03    5.50000000E+00    1.28213184E+03    6.50000000E+00    9.50726318E+02
   -9.38775539E-01    2.50000000E+00    2.74771387E+03    3.50000000E+00    2.25614526E+03    4.50000000E+00    1.72452100E+03    5.50000000E+00    1.28324219E+03    6.50000000E+00    9.51388611E+02
   -8.97959232E-01    2.50000000E+00    2.76429248E+03    3.50000000E+00    2.26520117E+03    4.50000000E+00    1.72993140E+03    5.50000000E+00    1.28674805E+03    6.50000000E+00    9.53823547E+02
   -8.57142925E-01    2.50000000E+00    2.78136963E+03    3.50000000E+00    2.27451465E+03    4.50000000E+00    1.73548914E+03    5.50000000E+00    1.29034827E+03    6.50000000E+00    9.56322937E+02
   -8.16326618E-01    2.50000000E+00    2.79899731E+03    3.50000000E+00    2.28411279E+03    4.50000000E+00    1.74120703E+03    5.50000000E+00    1.29405090E+03    6.50000000E+00    9.58892883E+02
   -7.75510311E-01    2.50000000E+00    2.81722632E+03    3.50000000E+00    2.29401904E+03    4.50000000E+00    1.74709985E+03    5.50000000E+00    1.29786523E+03    6.50000000E+00    9.61539001E+02
   -7.34694004E-01    2.50000000E+00    2.83611279E+03    3.50000000E+00    2.30426123E+03    4.50000000E+00    1.75318298E+03    5.50000000E+00    1.30180078E+03    6.50000000E+00    9.64268494E+02
   -6.93877697E-01    2.50000000E+00    2.85571826E+03    3.50000000E+00    2.31487158E+03    4.50000000E+00    1.75947473E+03    5.50000000E+00    1.30586902E+03    6.50000000E+00    9.67088379E+02
   -6.53061390E-01    2.50000000E+00    2.87611426E+03    3.50000000E+00    2.32588550E+03    4.50000000E+00    1.76599524E+03    5.50000000E+00    1.31008240E+03    6.50000000E+00    9.70007629E+02
   -6.12245083E-01    2.50000000E+00    2.89738184E+03    3.50000000E+00    2.33734521E+03    4.50000000E+00    1.77276904E+03    5.50000000E+00    1.31445593E+03    6.50000000E+00    9.73036316E+02
   -5.71428776E-01    2.50000000E+00    2.91961719E+03    3.50000000E+00    2.34929858E+03    4.50000000E+00    1.77982410E+03    5.50000000E+00    1.31900708E+03    6.50000000E+00    9.76186584E+02
   -5.30612469E-01    2.50000000E+00    2.94293433E+03    3.50000000E+00    2.36180298E+03    4.50000000E+00    1.78719312E+03    5.50000000E+00    1.32375647E+03    6.50000000E+00    9.79472656E+02
   -4.89796132E-01    2.50000000E+00    2.96747119E+03    3.50000000E+00    2.37492896E+03    4.50000000E+00    1.79491589E+03    5.50000000E+00    1.32872925E+03    6.50000000E+00    9.82911316E+02
   -4.48979795E-01    2.50000000E+00    2.99339404E+03    3.50000000E+00    2.38876147E+03    4.50000000E+00    1.80304077E+03    5.50000000E+00    1.33395581E+03    6.50000000E+00    9.86523621E+02
   -4.08163458E-01    2.50000000E+00    3.02090942E+03    3.50000000E+00    2.40340576E+03    4.50000000E+00    1.81162744E+03    5.50000000E+00    1.33947437E+03    6.50000000E+00    9.90335571E+02
   -3.67347121E-01    2.50000000E+00    3.05027783E+03    3.50000000E+00    2.41899512E+03    4.50000000E+00    1.82075195E+03    5.50000000E+00    1.34533252E+03    6.50000000E+00    9.94379639E+02
   -3.26530784E-01    2.50000000E+00    3.08183716E+03    3.50000000E+00    2.43570093E+03    4.50000000E+00    1.83051294E+03    5.50000000E+00    1.35159167E+03    6.50000000E+00    9.98698181E+02
   -2.85714447E-01    2.50000000E+00    3.11603491E+03    3.50000000E+00    2.45375049E+03    4.50000000E+00    1.84104065E+03    5.50000000E+00    1.35833521E+03    6.50000000E+00    1.00334747E+03
   -2.44898126E-01    2.50000000E+00    3.15348438E+03    3.50000000E+00    2.47345752E+03    4.50000000E+00    1.85251404E+03    5.50000000E+00    1.36567578E+03    6.50000000E+00    1.00840527E+03
   -2.04081804E-01    2.50000000E+00    3.19506836E+03    3.50000000E+00    2.49527295E+03    4.50000000E+00    1.86519141E+03    5.50000000E+00    1.37377612E+03    6.50000000E+00    1.01398328E+03
   -1.63265482E-01    2.50000000E+00    3.24213184E+03    3.50000000E+00    2.51988477E+03    4.50000000E+00    1.87946558E+03    5.50000000E+00    1.38288599E+03    6.50000000E+00    1.02025183E+03
   -1.22449160E-01    2.50000000E+00    3.29690210E+03    3.50000000E+00    2.54843604E+03    4.50000000E+00    1.89599060E+03    5.50000000E+00    1.39341748E+03    6.50000000E+00    1.02749377E+03
   -8.16328377E-02    2.50000000E+00    3.36356958E+03    3.50000000E+00    2.58308057E+03    4.50000000E+00    1.91599829E+03    5.50000000E+00    1.40615112E+03    6.50000000E+00    1.03624292E+03
   -4.08165120E-02    2.50000000E+00    3.45203638E+03    3.50000000E+00    2.62890967E+03    4.50000000E+00    1.94240515E+03    5.50000000E+00    1.42293420E+03    6.50000000E+00    1.04776636E+03
   -1.86264515E-07    2.50000000E+00    3.61157300E+03    3.50000000E+00    2.71130908E+03    4.50000000E+00    1.98978638E+03    5.50000000E+00    1.45300952E+03    6.50000000E+00    1.06840186E+03
    4.08161394E-02    2.50000000E+00    3.78332935E+03    3.50000000E+00    2.79935742E+03    4.50000000E+00    2.04015784E+03    5.50000000E+00    1.48487976E+03    6.50000000E+00    1.09023157E+03
    8.16324651E-02    2.50000000E+00    3.88250342E+03    3.50000000E+00    2.85003613E+03    4.50000000E+00    2.06908960E+03    5.50000000E+00    1.50315820E+03    6.50000000E+00    1.10274243E+03
    1.22448787E-01    2.50000000E+00    3.95896216E+03    3.50000000E+00    2.88899121E+03    4.50000000E+00    2.09128149E+03    5.50000000E+00    1.51715771E+03    6.50000000E+00    1.11231519E+03
    1.63265109E-01    2.50000000E+00    4.02288940E+03    3.50000000E+00    2.92146143E+03    4.50000000E+00    2.10978027E+03    5.50000000E+00    1.52883252E+03    6.50000000E+00    1.12030115E+03
    2.04081431E-01    2.50000000E+00    4.07862280E+03    3.50000000E+00    2.94975000E+03    4.50000000E+00    2.12583936E+03    5.50000000E+00    1.53894543E+03    6.50000000E+00    1.12721118E+03
    2.44897753E-01    2.50000000E+00    4.12851514E+03    3.50000000E+00    2.97496387E+03    4.50000000E+00    2.14013354E+03    5.50000000E+00    1.54793701E+03    6.50000000E+00    1.13335107E+03
    2.85714090E-01    2.50000000E+00    4.17389746E+03    3.50000000E+00    2.99784595E+03    4.50000000E+00    2.15308374E+03    5.50000000E+00    1.55607434E+03    6.50000000E+00    1.13890466E+03
    3.26530427E-01    2.50000000E+00    4.21571484E+03    3.50000000E+00    3.01887817E+03    4.50000000E+00    2.16496802E+03    5.50000000E+00    1.56353381E+03    6.50000000E+00    1.14399304E+03
    3.67346764E-01    2.50000000E+00    4.25462012E+03    3.50000000E+00    3.03839893E+03    4.50000000E+00    2.17597974E+03    5.50000000E+00    1.57043896E+03    6.50000000E+00    1.14870093E+03
    4.08163100E-01    2.50000000E+00    4.29108984E+03    3.50000000E+00    3.05665454E+03    4.50000000E+00    2.18626294E+03    5.50000000E+00    1.57688062E+03    6.50000000E+00    1.15308997E+03
    4.48979437E-01    2.50000000E+00    4.32548584E+03    3.50000000E+00    3.07383252E+03    4.50000000E+00    2.19592358E+03    5.50000000E+00    1.58292700E+03    6.50000000E+00    1.15720752E+03
    4.89795774E-01    2.50000000E+00    4.35808984E+03    3.50000000E+00    3.09007935E+03    4.50000000E+00    2.20504688E+03    5.50000000E+00    1.58863220E+03    6.50000000E+00    1.16109058E+03
    5.30612111E-01    2.50000000E+00    4.38912598E+03    3.50000000E+00    3.10551074E+03    4.50000000E+00    2.21370020E+03    5.50000000E+00    1.59403772E+03    6.50000000E+00    1.16476843E+03
    5.71428418E-01    2.50000000E+00    4.41877295E+03    3.50000000E+00    3.12022119E+03    4.50000000E+00    2.22193848E+03    5.50000000E+00    1.59917871E+03    6.50000000E+00    1.16826477E+03
    6.12244725E-01    2.50000000E+00    4.44718066E+03    3.50000000E+00    3.13428882E+03    4.50000000E+00    2.22980542E+03    5.50000000E+00    1.60408435E+03    6.50000000E+00    1.17159937E+03
    6.53061032E-01    2.50000000E+00    4.47447412E+03    3.50000000E+00    3.14777759E+03    4.50000000E+00    2.23733887E+03    5.50000000E+00    1.60877783E+03    6.50000000E+00    1.17478821E+03
    6.93877339E-01    2.50000000E+00    4.50075781E+03    3.50000000E+00    3.16074097E+03    4.50000000E+00    2.24456860E+03    5.50000000E+00    1.61327930E+03    6.50000000E+00    1.17784521E+03
    7.34693646E-01    2.50000000E+00    4.52611670E+03    3.50000000E+00    3.17322437E+03    4.50000000E+00    2.25152295E+03    5.50000000E+00    1.61760583E+03    6.50000000E+00    1.18078259E+03
    7.75509953E-01    2.50000000E+00    4.55062793E+03    3.50000000E+00    3.18526929E+03    4.50000000E+00    2.25822510E+03    5.50000000E+00    1.62177124E+03    6.50000000E+00    1.18360913E+03
    8.16326261E-01    2.50000000E+00    4.57435156E+03    3.50000000E+00    3.19690820E+03    4.50000000E+00    2.26469360E+03    5.50000000E+00    1.62578845E+03    6.50000000E+00    1.18633350E+03
    8.57142568E-01    2.50000000E+00    4.59733691E+03    3.50000000E+00    3.20816602E+03    4.50000000E+00    2.27094312E+03    5.50000000E+00    1.62966711E+03    6.50000000E+00    1.18896338E+03
    8.97958875E-01    2.50000000E+00    4.61961719E+03    3.50000000E+00    3.21906128E+03    4.50000000E+00    2.27698413E+03    5.50000000E+00    1.63341406E+03    6.50000000E+00    1.19150293E+03
    9.38775182E-01    2.50000000E+00    4.64119043E+03    3.50000000E+00    3.22959375E+03    4.50000000E+00    2.28282349E+03    5.50000000E+00    1.63703223E+03    6.50000000E+00    1.19395422E+03
    9.79591489E-01    2.50000000E+00    4.66290479E+03    3.50000000E+00    3.24018799E+03    4.50000000E+00    2.28869214E+03    5.50000000E+00    1.64066931E+03    6.50000000E+00    1.19641833E+03
